1 64 112 112 3 7 7 2 2
1 64 56 56 64 1 1 1 1
1 192 56 56 64 3 3 1 1
1 64 28 28 192 1 1 1 1
1 96 28 28 192 1 1 1 1
1 128 28 28 96 3 3 1 1
1 16 28 28 192 1 1 1 1
1 32 28 28 16 5 5 1 1
1 32 28 28 192 1 1 1 1
1 128 28 28 256 1 1 1 1
1 128 28 28 256 1 1 1 1
1 192 28 28 128 3 3 1 1
1 32 28 28 256 1 1 1 1
1 96 28 28 32 5 5 1 1
1 64 28 28 256 1 1 1 1
1 192 14 14 480 1 1 1 1
1 96 14 14 480 1 1 1 1
1 208 14 14 96 3 3 1 1
1 16 14 14 480 1 1 1 1
1 48 14 14 16 5 5 1 1
1 64 14 14 480 1 1 1 1
1 160 14 14 512 1 1 1 1
1 112 14 14 512 1 1 1 1
1 224 14 14 112 3 3 1 1
1 24 14 14 512 1 1 1 1
1 64 14 14 24 5 5 1 1
1 64 14 14 512 1 1 1 1
1 128 14 14 512 1 1 1 1
1 128 14 14 512 1 1 1 1
1 256 14 14 128 3 3 1 1
1 24 14 14 512 1 1 1 1
1 64 14 14 24 5 5 1 1
1 64 14 14 512 1 1 1 1
1 112 14 14 512 1 1 1 1
1 144 14 14 512 1 1 1 1
1 288 14 14 144 3 3 1 1
1 32 14 14 512 1 1 1 1
1 64 14 14 32 5 5 1 1
1 64 14 14 512 1 1 1 1
1 256 14 14 528 1 1 1 1
1 160 14 14 528 1 1 1 1
1 320 14 14 160 3 3 1 1
1 32 14 14 528 1 1 1 1
1 128 14 14 32 5 5 1 1
1 128 14 14 528 1 1 1 1
1 256 7 7 832 1 1 1 1
1 160 7 7 832 1 1 1 1
1 320 7 7 160 3 3 1 1
1 32 7 7 832 1 1 1 1
1 128 7 7 32 5 5 1 1
1 128 7 7 832 1 1 1 1
1 384 7 7 832 1 1 1 1
1 192 7 7 832 1 1 1 1
1 384 7 7 192 3 3 1 1
1 48 7 7 832 1 1 1 1
1 128 7 7 48 5 5 1 1
1 128 7 7 832 1 1 1 1
